0,081131;-0,364923;-0,040046
0,015242;0,280620;0,563746
0,040313;-0,626223;0,376738
0,068724;0,177390;-0,529827
-0,041609;-0,850351;0,351769
0,068667;0,041969;-0,345347
0,097596;0,616839;-0,692073
-0,389908;0,023462;-0,520232
0,427300;0,510883;0,847431
-0,360375;-0,329691;0,181939
0,395550;-0,110281;0,759627
-0,229287;-0,477538;0,900000
0,158160;0,095340;-0,509656
0,074021;-0,223840;-0,347823
0,133433;0,402200;-0,458583
-0,291492;-0,483200;-0,338227
-0,349638;-0,401045;-0,657405
0,189909;-0,128788;0,572671
0,404675;-0,945246;0,542956
-0,215730;0,302587;0,876114
-0,333921;-0,220956;-0,300207
0,018120;0,048051;-0,635635
0,000389;-0,296085;-0,350660
-0,094660;0,157205;0,148252
0,321256;-0,807570;-0,395078
-0,009427;0,046320;-0,104841
-0,008592;-0,922125;-0,250269
0,435590;0,460185;-0,477104
-0,255971;0,452898;-0,550204
-0,444341;-0,268403;0,867189
0,198977;-0,166431;0,719182
0,454473;-0,469778;-0,735613
0,170048;-0,096598;0,824319
-0,328222;-0,999666;0,112398
0,375918;-0,407022;-0,546129
-0,062017;-0,610022;0,496165
-0,366535;-0,697577;0,544039
-0,047567;-0,580244;0,528304
-0,415699;0,141634;-0,304076
-0,298515;-1,007687;0,474446
-0,239218;-0,041339;-0,698779
-0,369269;0,461653;-0,147092
-0,011039;-0,629735;0,109819
0,017976;-0,162080;0,305391
0,280496;-0,983727;0,585877
-0,280784;-0,488076;-0,275960
0,063687;-0,163810;0,917952
0,240226;-0,765209;0,119724
0,380179;-0,136600;0,035170
0,440742;0,539456;-0,683045
0,407496;-0,040028;0,937969
0,340772;0,566561;-0,176549
0,161355;-0,327070;0,024079
-0,203985;-0,624807;0,554150
-0,377991;0,016384;-0,027974
0,095840;0,357899;0,723980
-0,313599;0,408282;0,632771
-0,394917;0,306677;0,322982
-0,325343;-0,756453;0,367555
-0,343909;0,401676;0,793418
0,186513;-0,568447;0,112501
0,364750;-0,703082;0,076854
0,084844;-0,951432;0,723154
0,060722;-0,417718;0,844336
0,208994;-0,826864;-0,061919
-0,252287;0,558802;-0,197030
0,357870;0,660669;0,916198
-0,108361;-0,083648;0,856253
-0,238211;0,592303;0,235488
-0,333259;0,075680;-0,030244
0,379603;0,183052;-0,407820
-0,170623;0,342170;0,347126
-0,425918;-0,729086;-0,732467
-0,056433;-0,635712;0,414294
0,274854;0,318263;-0,087714
-0,011039;-0,964277;0,622969
0,042012;0,408858;-0,328787
-0,459654;0,249373;-0,503104
-0,181677;0,488024;-0,372688
-0,089306;0,118671;0,824113
0,183462;-0,590782;-0,370161
0,372119;-0,720960;-0,613349
-0,155799;0,082758;-0,130996
0,232713;-0,849670;0,815394
0,227819;-0,703921;0,411147
-0,241982;-0,448335;0,521185
0,083750;0,613798;0,275779
-0,114838;-0,037616;-0,542260
-0,324595;-0,372053;0,002566
-0,456948;0,172147;-0,443932
-0,349926;0,272441;-0,370986
0,095207;-0,567556;-0,381820
0,111873;0,661822;0,893603
0,026900;0,005532;0,894067
0,258792;-0,689922;0,044869
-0,390225;-0,371896;0,002824
-0,103497;0,379918;0,046158
0,128597;-0,002123;0,325097
-0,460748;-0,564253;0,089648
-0,028137;-0,621085;0,384992
0,384612;0,646566;0,936318
0,220911;-0,498823;-0,109794
-0,008333;0,183734;0,219547
-0,402573;0,655164;0,312458
0,427962;0,108238;0,493431
-0,177445;0,077096;0,667284
0,194630;-0,501340;0,841808
0,204791;-1,007215;-0,729526
-0,243478;0,410588;-0,726534
-0,212275;0,191231;0,472589
0,420507;-0,226409;-0,505993
-0,372061;0,213408;0,361416
0,247249;-0,089572;-0,475556
0,238067;-0,573638;0,652478
-0,361468;-0,899476;-0,444035
0,224336;0,038037;0,120601
0,216161;-0,261378;0,601405
0,102921;-0,937958;-0,064705
0,028569;-0,108184;-0,197546
0,306604;-0,232962;0,337582
-0,020538;-0,172827;0,340368
-0,111038;0,469255;-0,197184
-0,241982;-0,828803;0,876578
-0,305136;-0,221638;0,836958
-0,328049;-0,550884;0,014741
0,339908;0,194272;-0,646984
-0,422521;-0,435910;-0,317386
0,024367;-0,649815;0,635351
0,021747;0,500030;-0,491136
-0,449522;0,358895;0,730789
0,214290;0,132197;-0,673656
-0,221400;-0,466318;0,237552
0,275660;0,582237;0,617140
0,059887;0,609971;-0,281841
0,084700;-0,789588;0,529388
-0,417973;-0,211729;0,370031
0,200819;-0,110124;0,031765
0,192270;0,554450;-0,534315
-0,455538;-0,686515;0,456442
-0,198746;0,565932;0,057611
0,356978;0,366549;0,070611
0,033693;-0,473343;-0,020339
0,446874;-0,113060;0,380607
0,329459;-0,878977;-0,515898
0,019617;0,517594;0,113069
0,086254;0,291578;-0,342716
-0,317542;0,609866;0,792489
-0,305366;-0,678231;0,399849
0,152863;0,426369;0,176781
0,351509;0,095288;0,364356
0,369039;-0,693697;0,593616
-0,406834;0,407338;-0,625369
0,437173;-0,259438;-0,112373
-0,422205;-0,283712;-0,056451
-0,249494;0,301329;-0,735356
-0,272148;-0,790531;0,467585
-0,362591;-0,257656;0,610382
-0,406028;0,186617;0,838351
0,110434;0,098696;0,053690
0,370248;-0,012084;0,351150
-0,365153;-0,859421;0,754107
0,315873;0,656579;0,124883
-0,127273;0,575316;-0,448111
0,356229;-0,601215;-0,491187
-0,229086;-0,148082;0,471144
-0,219673;-0,287539;-0,219987
-0,123502;-0,609970;0,582266
0,389044;-0,844689;-0,695632
-0,251855;0,383693;0,693491
-0,115471;-0,121658;0,787691
-0,081361;-0,787910;-0,040820
0,301595;0,156209;-0,337557
-0,377761;-0,042440;0,891849
0,115932;0,431193;-0,374339
-0,199524;-0,789692;-0,121814
0,152460;-0,281667;-0,580177
0,039191;-0,423799;0,786247
-0,242010;0,594190;-0,241602
-0,220479;0,100688;-0,434956
0,410029;0,663657;0,563127
-0,259828;-0,879082;0,251120
0,289822;-0,045061;0,893396
-0,428681;-0,062782;0,729035
-0,219644;0,639698;-0,182636
0,091234;-0,984619;0,953445
0,167860;-0,723266;0,601870
0,234325;-0,082127;0,354503
0,081562;-0,370585;0,919810
0,454818;0,390089;0,585310
0,117429;0,574320;-0,200434
-0,405769;-0,891717;-0,696251
-0,257353;-0,816326;0,615747
-0,180295;0,257080;0,134891
-0,195120;-0,684837;-0,644508
-0,311267;-0,926476;0,265822
0,420449;0,408334;0,304875
-0,174625;-0,320097;-0,157461
0,244140;0,259177;-0,390177
-0,088845;-0,962285;-0,142088
-0,175862;0,009149;-0,243562
0,072812;-0,883643;0,904952
0,354474;-0,024038;0,211912
-0,006779;-0,873053;0,817252
-0,042674;0,016227;-0,535347
-0,276783;0,636028;0,407794
0,137348;0,195006;0,225583
-0,289247;-0,813862;0,067980
0,093422;-0,432764;0,181527
0,048690;-0,219855;-0,069400
-0,168465;0,181007;-0,705331
-0,355107;0,417981;0,576385
-0,077993;-0,166222;0,841189
0,242586;0,509205;0,089441
-0,030757;-0,351082;-0,184958
0,257554;-0,947133;-0,602257
0,103353;-0,940527;0,318288
0,018207;-0,070489;-0,228189
0,181418;-0,076413;0,763754
-0,158649;-0,087213;-0,171235
0,201280;0,204076;0,852796
0,359972;0,294828;-0,623924
-0,212189;0,499663;0,036511
-0,078482;-0,434652;0,068754
0,095955;-0,427259;-0,010847
-0,078828;0,127951;-0,237888
-0,092558;-0,677759;-0,676390
-0,195091;-0,427626;-0,458944
0,131274;-0,459712;-0,709407
0,126496;-0,373783;-0,392550
-0,251135;-0,902622;-0,360307
0,172811;-0,471194;0,635557
0,438584;0,005637;-0,228808
0,438641;-0,318944;-0,220812
0,021200;0,466109;0,131641
0,242385;-0,526348;-0,309493
0,350732;-0,339233;0,474188
-0,323184;0,472296;0,511641
0,466188;-0,187507;0,111727
-0,096041;-0,836982;0,759730
0,234958;-0,495573;0,566841
-0,061672;-0,417822;0,000554
-0,264463;0,026450;0,038627
-0,151481;-0,264052;0,341193
0,055973;0,171937;-0,595499
-0,229374;-0,975654;0,488685
-0,293593;0,453474;-0,299123
-0,226207;0,417666;0,278926
-0,173070;-0,745234;0,005300
-0,444427;0,519638;0,025420
-0,179115;0,121397;-0,531942
-0,055195;-0,774541;0,396032
0,033290;-0,920919;0,246270
0,094142;0,130467;-0,358192
-0,422406;-0,626590;-0,514866
-0,404732;0,630628;-0,667775
-0,358878;0,193380;0,887773
0,374738;-0,619669;0,743119
0,420650;-0,361148;-0,707549
0,275343;-0,371319;0,786247
0,149898;-0,375408;-0,477052
0,037636;-0,695427;0,483680
-0,312937;0,214404;-0,490620
0,085535;0,144832;-0,457758
0,096991;0,075470;-0,440424
0,256777;-0,288169;0,496990
-0,072783;0,376930;-0,387959
0,108620;-0,566874;0,264945
-0,207814;-0,697524;-0,049745
0,062219;-0,691810;-0,443004
-0,150531;0,546534;0,204896
-0,453811;-0,168214;-0,508315
-0,253956;0,205701;-0,150858
-0,254388;0,065614;0,756326
-0,364433;0,514238;0,434878
-0,071315;0,147978;0,709690
0,308734;0,562105;0,815498
-0,116479;-0,539350;0,396857
0,083203;0,477486;0,639632
-0,377847;0,548211;-0,290921
0,131706;-0,501130;0,172241
0,074683;-0,264891;-0,678299
0,025633;-0,537987;0,877662
-0,057095;-1,003860;-0,042264
0,025086;0,251942;0,400726
0,074395;0,624808;0,502201
-0,218723;0,310556;0,360487
0,331330;-0,628949;0,258445
0,391491;-0,077199;-0,558252
-0,123243;-0,446133;-0,199403
-0,007901;0,353547;0,268660
0,122466;-0,999508;0,912278
-0,247940;-0,964958;0,308125
-0,459021;0,100321;-0,350557
-0,170019;-0,723476;-0,243459
0,399810;-0,208531;-0,614432
0,466390;-0,729663;-0,192129
0,029030;-0,526662;0,164038
-0,034556;-0,135971;-0,538288
-0,110779;0,387363;-0,271214
-0,077043;-0,148082;-0,146421
0,191090;0,475232;0,810545
0,129231;0,492585;0,633339
0,073272;-0,210523;-0,017295
-0,288498;0,467630;-0,532561
-0,344514;-0,209317;-0,736026
0,434151;-0,280304;0,671153
0,278481;-0,923278;0,415223
-0,264952;0,586117;0,814621
-0,070164;-0,205490;0,293938
0,060377;-0,183942;0,237191
-0,198516;-0,978694;0,205257
0,341319;-0,378030;0,897988
0,264520;-0,844112;-0,664112
-0,357899;0,382697;0,756222
0,088759;-0,869435;0,060242
0,181936;-0,171569;0,556369
0,393506;-0,876775;0,918417
0,015472;-0,177231;0,704324
0,455711;-0,650339;0,359146
-0,326235;-0,804949;0,708658
0,100676;-0,334987;-0,584717
-0,107296;-0,753779;-0,069193
0,166795;-0,353127;0,474962
-0,342154;0,279414;0,582627
0,181072;0,016594;0,886432
0,214319;-0,910066;0,126585
0,362850;0,434600;0,701642
0,413512;-0,083228;-0,012549
0,404531;0,142892;-0,046340
-0,177561;0,210419;0,541924
-0,206979;-0,952428;0,605636
0,055627;-0,518326;0,084747
-0,005887;0,486661;0,618481
-0,360173;-0,267617;0,733111
-0,468721;-1,024778;0,299252
0,302430;0,643840;-0,354168
0,000216;-0,051929;0,038059
-0,002317;0,281354;-0,702390
0,259310;-0,418189;0,145776
-0,222868;0,523728;-0,156017
-0,122927;-0,226251;0,501375
-0,192759;0,550885;0,378440
-0,249437;0,191860;0,322621
-0,191032;-0,707014;-0,644096
-0,095293;-0,443355;0,739405
0,140255;-0,423642;-0,008628
-0,396212;0,017538;0,823649
0,066968;-0,234063;-0,416436
-0,123186;-0,103203;-0,306707
0,162017;-0,155946;-0,543653
-0,378998;0,317687;-0,054026
-0,439821;0,001233;0,079124
0,037636;-0,357111;-0,626091
0,243795;0,378241;-0,608964
0,197163;0,574268;0,294454
0,145206;-0,308511;0,603521
0,348458;0,546114;-0,634448
0,198689;-0,706385;-0,427475
-0,394974;0,228297;0,064627
-0,222120;-0,973661;0,045024
0,293363;0,374623;0,035480
-0,078310;0,390666;0,385920
-0,059513;-0,519794;0,612084
0,003872;0,498090;0,174459
0,020970;-0,654534;0,239976
-0,189334;0,334096;0,738115
0,122351;0,388307;-0,382800
-0,167054;-0,791108;-0,606487
0,316247;-0,794725;-0,172216
-0,240801;-0,906606;-0,011414
0,087463;0,052297;0,853467
-0,451364;-0,365395;-0,333894
0,311757;-0,799916;-0,508160
-0,241751;-0,121868;0,465263
0,234641;-0,550832;-0,274412
-0,196300;-0,261955;-0,043451
-0,134498;-0,811135;-0,180779
-0,046128;0,017066;-0,476227
0,450673;-0,906921;0,941786
-0,255511;-0,716136;-0,636151
-0,144890;0,398320;0,542337
0,368089;-0,859159;-0,164787
-0,250675;-0,067290;0,439779
0,266103;-0,982679;0,180753
-0,230583;0,329273;0,149748
0,017199;0,348462;-0,185474
-0,086053;-0,445766;-0,235566
0,106721;-0,543020;0,258187
-0,004073;-0,200614;0,241885
0,350271;-0,205175;-0,364280
0,026410;0,386839;0,229298
0,314952;0,321461;0,402841
-0,303783;-0,264838;-0,424638
-0,462849;0,506636;-0,039272
0,363656;-0,637180;-0,580848
0,082541;-0,966269;-0,716268
-0,446096;0,544174;0,775826
0,449838;-0,519480;0,090060
-0,284238;-0,219488;-0,087920
0,419557;-0,369903;-0,114694
0,287404;0,578410;-0,550204
0,002202;-0,668742;-0,290560
-0,109311;-0,639697;0,373694
-0,392470;-0,405554;-0,016418
-0,390282;-0,353284;0,650672
-0,329920;0,416146;0,797751
-0,427530;0,396433;0,878436
-0,262390;0,304055;0,824216
0,221256;0,652438;0,310653
0,140255;0,652490;0,346713
-0,212506;-0,569653;-0,627484
-0,220191;0,017590;-0,281377
0,391750;-0,147715;0,260921
0,102863;0,183943;0,886432
0,316305;0,630313;-0,700379
0,149812;-0,369799;0,735793
0,468347;0,042703;-0,477929
-0,135189;0,319155;0,728674
-0,127590;-0,004534;0,233270
-0,120710;-0,976597;0,754623
-0,304704;-0,623444;0,059933
-0,384899;-0,948653;-0,625163
0,137319;0,030645;-0,011517
0,036658;0,491642;0,268092
-0,295579;0,421913;0,116474
-0,377127;0,069756;0,286045
0,062823;0,292207;0,342999
0,164262;0,508786;-0,415352
0,380553;-0,960712;-0,212764
-0,255597;-0,223368;0,819006
0,336771;-0,600638;0,888134
0,435331;0,060004;-0,609170
-0,255079;-0,593665;0,407639
-0,139392;0,143993;0,549765
-0,291607;0,297135;0,186789
0,069645;-0,659252;0,128958
-0,404502;-0,695322;0,443029
-0,435475;-0,101945;0,883594
0,238815;-0,610704;0,593048
-0,004505;0,176866;0,558587
0,250531;0,588319;-0,125889
-0,336224;-0,160192;0,125605
0,343363;-0,568238;0,409238
0,296126;-0,853497;0,099243
0,282597;-0,745234;0,557246
0,044084;0,558802;0,862959
0,237577;-0,683631;0,165173
0,428854;-0,088209;0,251532
-0,318723;-0,267617;-0,662255
0,232252;-0,856013;0,023253
-0,403955;0,635923;-0,067594
0,300905;0,254301;-0,449916
-0,305913;-0,786652;0,276862
0,034153;-0,774646;0,437044
-0,225517;-0,377610;0,934873
-0,185793;-0,498771;-0,676648
-0,329834;0,391085;0,507772
-0,016681;-0,281248;0,744099
-0,163629;-0,805630;0,202007
-0,320450;-0,984304;-0,501453
0,191435;0,148555;-0,251507
-0,080440;0,659987;0,781759
-0,322234;-0,601057;-0,022248
0,169271;0,207850;0,035944
-0,389419;0,530491;-0,179799
0,148430;0,089993;-0,419531
0,434726;-0,734643;0,346868
-0,334554;0,227039;0,755552
-0,117112;-0,145408;0,247044
-0,271170;-0,238782;-0,562018
0,375544;-0,720488;0,171415
0,048402;0,099325;-0,074817
0,322407;-0,014181;0,237603
0,112219;0,499401;-0,040562
0,042703;-0,299178;0,157280
0,031275;-0,298235;-0,412412
-0,114320;-0,344319;-0,399927
0,191521;-0,162866;0,606306
-0,244831;-0,607139;-0,666898
0,463684;-0,509151;-0,598904
-0,181504;-0,457930;0,439933
0,415527;0,239989;0,712372
0,406459;-1,021266;0,738528
-0,119041;0,557229;0,493947
-0,084383;-0,700618;0,501066
0,140745;-0,688559;0,296105
0,101050;-0,751106;0,699062
-0,395032;0,589367;-0,582808
0,036284;0,229346;0,284962
0,216680;-0,498142;0,769893
0,394312;0,350401;-0,540351
0,446471;-0,347464;0,457938
0,125776;0,653853;-0,405705
-0,307151;0,118618;0,423631
-0,412792;-0,442726;0,794295
-0,060146;-0,378030;-0,649409
0,010377;-0,602787;0,564416
-0,413051;0,573062;0,687249
0,045811;0,022623;-0,518374
0,456200;-0,849145;0,456493
-0,238499;-0,405135;-0,408233
-0,227848;-0,006632;-0,544942
0,394226;-0,893132;0,334641
0,340081;0,653172;0,165018
0,010233;-0,970830;0,434981
0,037377;-0,192698;-0,690370
-0,448716;-0,393706;0,057302
0,110635;0,258548;0,276398
0,178136;0,440525;0,471196
-0,133030;-0,422908;0,165534
0,437518;0,449962;-0,719002
-0,355654;-0,446815;-0,667001
-0,335101;0,528341;-0,712863
0,447593;-0,438112;0,791457
-0,236109;-0,117883;-0,279004
0,459625;-0,244391;0,303895
-0,041004;-0,322247;0,182404
-0,323242;0,290634;0,704737
-0,166363;0,339077;-0,288496
0,339016;-0,037511;-0,507386
0,449781;-0,281720;-0,329509
-0,285217;0,594715;-0,148691
-0,471571;-0,065298;0,534031
0,068033;-0,374517;0,144744
0,055282;-0,891507;-0,208534
-0,066393;-0,155054;-0,602515
0,410288;-0,723319;-0,391931
0,095034;-0,592459;0,411457
0,274365;-0,762640;-0,557685
0,463972;-1,029392;-0,643631
0,202143;-0,062153;-0,136155
0,288038;0,579458;0,835978
0,083117;0,313492;-0,461782
-0,431013;-0,867076;-0,244182
0,146271;-0,746387;-0,467818
0,400558;0,541134;-0,386308
-0,022093;0,533007;0,186840
-0,328855;-0,497093;-0,619127
0,389649;-0,999823;0,123851
0,274221;0,090098;0,507824
-0,073675;-0,669423;-0,668084
-0,399206;-0,112693;0,487911
0,463310;-0,015806;0,214750
0,219961;-0,594609;-0,019153
0,039047;-0,493423;-0,213435
0,155051;-0,654429;-0,000735
-0,243709;0,097595;-0,715391
-0,337951;0,088682;0,399282
0,042271;0,445453;0,302708
-0,407467;-0,023513;0,932965
-0,041407;0,510201;-0,487937
0,146300;0,537569;0,658617
-0,238240;-0,448021;-0,426444
-0,450443;0,146562;0,909801
-0,341693;-0,241193;-0,654568
0,421255;0,274643;0,942199
0,470679;-0,726465;0,648248
-0,110031;0,081762;-0,055161
0,045667;-0,698311;0,560599
0,069012;0,508681;0,008912
-0,119904;-0,959558;0,704273
0,144890;0,659148;-0,420975
-0,353812;0,299127;0,649537
0,337951;-0,629735;-0,252539
0,432078;0,416251;-0,701410
0,202373;-0,577465;0,059159
-0,133635;-0,274065;0,703705
-0,210750;0,022833;0,463097
0,093422;-0,364923;-0,099527
-0,017717;-0,983046;-0,259761
0,216967;-0,064459;0,635505
-0,180094;-0,832631;-0,055264
0,402084;-0,745286;0,637466
0,188585;-0,573061;0,037698
0,280957;0,270030;0,068806
-0,247019;-0,088891;0,063131
0,020567;-0,641479;-0,229840
0,101367;-0,481522;-0,182172
-0,446499;0,295877;0,407897
0,330524;-0,660091;0,139121
0,059283;0,034996;-0,005120
0,160520;-0,113060;-0,541744
-0,041119;0,439738;-0,631044
0,015846;-0,083176;-0,571820
-0,199581;-0,380756;-0,100404
-0,356604;-0,130151;0,158054
0,285389;0,399369;0,530729
0,111326;0,202083;-0,207296
-0,347968;-0,190338;0,624104
0,018552;-0,377558;0,133807
-0,395061;0,000970;0,450561
0,268723;0,272494;0,480172
0,338901;0,426789;0,835308
-0,438382;0,117046;0,328090
-0,138355;-0,558224;-0,431551
0,397565;-0,331526;-0,253983
0,068494;0,080556;-0,383006
0,190917;-0,062729;-0,708375
0,172351;0,154322;-0,553970
-0,018408;-0,803219;0,309157
0,372263;-0,742560;0,670070
-0,153180;0,625804;0,007622
0,376984;-0,205280;0,444473
0,433114;-0,122654;-0,429384
-0,276639;-0,240564;0,232290
-0,138413;0,559378;-0,132235
-0,221285;-0,229659;-0,422678
-0,391664;0,054919;0,464335
-0,220393;0,442884;-0,552784
-0,299494;-0,582498;0,091556
0,123358;-0,087213;0,952620
0,149150;-0,573638;0,203194
-0,420334;0,368699;-0,076261
0,031937;0,090360;0,727539
-0,299264;0,429095;-0,340188
0,022956;-1,022734;-0,448369
-0,288326;-0,996258;-0,449555
-0,287606;-0,831425;0,623176
-0,120537;-0,519585;0,538571
0,130986;0,425740;0,030372
0,271256;-0,568552;-0,289734
0,098056;-0,753360;0,620906
-0,360346;-0,350610;0,566790
0,187261;-0,678965;-0,433511
-0,463483;-0,942624;0,388035
0,383028;-0,178280;0,629057
0,357323;-0,379865;-0,314290
-0,183721;-0,554659;-0,363867
-0,185275;-0,462491;-0,611388
0,204935;0,020841;0,658669
0,178798;-0,206486;0,917591
-0,347191;-0,281510;0,604243
0,033981;-0,201034;0,895460
-0,179144;-0,856852;-0,144255
0,238441;-0,120767;0,357598
-0,415786;0,150966;-0,000890
0,399954;0,445086;0,564158
-0,054044;-0,955259;0,238429
0,171343;0,007996;0,583865
0,237117;0,378293;0,853828
-0,366275;0,594924;-0,286329
0,046502;-0,493004;0,717686
0,458877;0,585383;0,735174
0,132800;-0,472714;0,901444
-0,264779;-0,013500;0,595731
0,009801;-0,794516;-0,056915
0,376753;0,404192;0,181166
0,272407;0,152801;0,183332
-0,268032;-0,580401;-0,194915
0,209512;0,292154;0,313954
-0,348429;0,262952;-0,537411
0,087607;-0,774436;-0,451516
-0,040083;0,342904;-0,569911
0,172494;0,002491;-0,420047
0,141234;-0,417980;-0,073372
0,290542;-0,166798;0,555853
0,222321;0,095812;0,601818
0,298717;-0,057696;-0,439547
-0,389620;0,135920;0,949731
0,331158;-0,912006;-0,457294
0,168839;-0,928049;0,730996
0,236858;-0,714773;-0,188311
0,326696;-0,759651;-0,446924
0,337203;-0,353494;-0,104841
0,332021;-0,864769;-0,336680
0,254215;-0,899896;0,700610
0,024971;0,255717;-0,244594
-0,039191;0,335197;-0,216272
-0,098661;-0,752311;0,541408
0,146732;-0,498823;0,617759
0,227071;0,412214;-0,720446
0,233461;-0,456357;-0,313929
0,047855;0,280725;0,461910
0,140658;-0,339338;-0,044173
0,407841;-0,720016;-0,164013
-0,089104;-0,480211;0,483526
0,390311;-0,799968;0,668316
0,219155;-0,444403;-0,032978
-0,210117;-0,085116;0,148510
-0,044775;0,562367;0,953033
0,245263;0,057750;0,938794
0,438123;-0,254510;0,672701
-0,218925;-0,380704;-0,648945
0,089680;-0,984671;0,941631
-0,201711;-0,352078;-0,542053
-0,392096;-0,229345;-0,536327
-0,402113;-0,959925;0,347280
0,130612;0,390928;0,449993
-0,366362;-0,689555;0,021809
-0,378394;0,057225;-0,365672
-0,217572;-0,944040;0,192205
0,407323;-0,318524;0,911607
0,361497;-0,977751;0,532019
-0,398889;-0,671101;0,061790
-0,446269;0,433762;-0,651318
-0,174250;0,314017;0,585155
-0,162535;-0,509466;0,128081
0,347133;-0,716765;0,630140
-0,128252;-0,243867;-0,026942
0,035478;-0,243238;0,488994
0,088816;-0,689136;0,604501
0,434179;-0,056333;-0,318624
0,040544;0,036359;-0,273277
0,107440;-0,511616;-0,728185
-0,252114;-0,839079;0,580409
-0,278884;-0,838240;-0,500680
-0,270392;0,317844;0,290120
-0,385936;-0,021154;0,210313
0,141867;0,092562;0,330927
0,107066;0,296348;-0,511823
-0,100935;-0,146718;-0,113405
0,178367;0,599853;0,275572
-0,103727;-0,696161;0,532638
0,438555;0,314803;-0,186144
0,358993;0,058903;0,825918
-0,196530;-0,529231;-0,327084
-0,400904;-0,342064;-0,690267
-0,077964;0,136182;0,241937
-0,289247;0,324974;-0,316147
0,232339;-0,584910;0,106878
-0,128741;0,254301;-0,429539
0,344773;-0,845528;0,034861
0,117026;0,084226;-0,419789
-0,045667;-0,427154;-0,252694
0,242269;-0,219331;0,592223
-0,236081;0,300648;0,546825
0,010550;-0,216867;0,338665
-0,288297;-0,542443;0,481462
0,098488;0,565775;-0,631044
0,036715;-0,393443;-0,524462
-0,174481;-0,586482;0,919294
-0,274969;0,158463;-0,071154
-0,330121;0,395856;-0,655239
0,100676;0,373470;0,383908
0,089565;-0,724105;0,335157
0,398601;0,270711;0,706749
0,436741;-0,473238;-0,355406
0,206202;0,138751;-0,596067
-0,018437;-0,086322;-0,674533
-0,126064;0,459556;-0,717661
0,092184;-0,352812;-0,385534
0,329172;-0,866027;-0,216117
0,216823;-0,982207;0,829633
0,191809;0,498038;0,422032
0,306921;-0,107922;0,235488
0,044746;-0,958090;-0,714565
0,444571;-0,579562;-0,298040
0,339678;-0,752311;-0,712038
-0,205799;-0,697839;0,033261
0,068293;-0,483462;-0,598182
-0,265643;0,208375;0,281763
0,206720;0,319364;0,860018
0,353783;0,521106;0,856923
-0,461151;-0,932715;-0,001097
-0,230727;0,535943;-0,145441
0,325976;-0,475021;0,136851
0,279834;0,074998;0,863372
-0,372925;-0,817951;-0,387701
0,457956;0,193747;0,285787
-0,268550;-0,193746;-0,442694
-0,019041;-0,461337;0,223262
-0,003008;-0,606405;0,501788
-0,155425;-0,973923;-0,613865
0,390714;0,544908;0,618688
-0,142587;0,599853;0,266544
-0,352919;-0,657732;-0,183926
0,291952;-0,131514;0,624104
-0,210462;0,069965;0,490696
0,191752;-0,571541;-0,393118
-0,021805;-1,024097;-0,221895
-0,197048;-0,080712;-0,494747
-0,063198;-0,503227;-0,088642
0,076237;0,054552;0,081961
-0,080123;-0,803166;-0,351382
-0,304388;-0,733123;0,449735
0,218234;0,328644;0,758131
0,416736;0,315485;0,692304
-0,172408;-0,750057;0,688332
-0,048057;-0,538249;0,510249
-0,462936;-0,582288;-0,418344
-0,452170;-0,718548;0,827569
0,208562;0,033581;0,399643
0,249725;0,240093;0,524487
-0,305654;-0,515495;-0,553093
-0,296126;0,335250;-0,584717
-0,272523;-0,679542;0,506637
-0,307698;-0,072428;0,329740
-0,395780;-0,719177;0,726198
-0,324652;0,404874;-0,551752
0,244083;0,094606;-0,117480
0,040026;-0,958667;-0,247483
-0,349235;0,492271;-0,048248
0,384612;-0,346521;-0,546645
-0,247508;-0,904824;0,264739
-0,201164;0,593194;0,882047
0,121833;0,618779;-0,367117
-0,346443;-0,208531;-0,046133
-0,160491;-0,893866;-0,652298
0,005455;-0,259805;-0,468385
-0,178079;0,340230;0,670379
0,067429;-0,453316;-0,274361
0,042703;0,056596;0,783255
-0,368895;-0,766310;0,276192
-0,449982;-0,240669;0,558329
-0,395406;0,123075;-0,243150
0,065385;0,446030;0,465367
-0,442470;0,365186;0,709328
-0,433431;0,002334;-0,565526
0,255914;-0,020263;-0,145957
0,151597;0,235480;0,604913
-0,350012;-1,012143;-0,406221
0,451738;0,032427;-0,020958
-0,413425;0,350349;0,733008
-0,173243;0,641742;0,828188
0,334583;-0,123860;-0,095246
0,251653;0,002124;-0,157616
0,464548;-0,884167;-0,081368
0,398284;0,566246;0,900619
-0,192414;-0,023356;0,584433
0,145120;-0,718810;-0,208534
0,135362;-0,394544;-0,637492
0,104072;0,556705;-0,191355
0,170422;0,197522;0,410734
0,208159;0,486818;0,898349
0,470046;-0,086846;-0,420356
-0,435504;0,289585;0,444628
0,412994;-0,274275;-0,653639
0,338584;-0,937381;0,437715
-0,377214;-0,388830;-0,096432
-0,177042;0,471614;-0,443777
-0,085765;-0,123021;0,486054
0,180525;0,656737;0,386797
0,322349;-0,243133;-0,053923
0,255798;0,301748;0,943179
-0,185102;-1,042971;-0,341632
-0,094660;-0,539927;-0,685469
-0,249811;0,432818;-0,114849
0,330668;-0,324920;-0,556189
0,464634;-0,016331;-0,391157
0,404934;-0,731288;0,148562
0,001943;-0,796823;-0,260741
0,231763;-1,013297;0,741726
0,219241;-0,994999;0,321538
0,038183;0,123337;-0,464516
0,312706;-0,118827;0,322054
-0,384669;0,563782;0,868531
0,393074;-0,085378;0,715158
-0,308331;-0,351134;-0,265126
-0,333230;0,630523;-0,725451
-0,110722;-0,569706;0,576230
-0,051856;-0,552090;0,461343
0,089593;0,664811;0,310292
0,212621;0,001704;0,082374
-0,152057;0,072954;0,430286
-0,183605;0,286440;-0,029677
0,285130;0,317949;0,415738
-0,454703;0,233435;0,428378
0,431358;0,528708;-0,606591
0,436856;-0,610756;0,815756
0,132454;0,410903;-0,631972
0,005282;0,034996;-0,236288
-0,049122;-0,640116;0,226563
0,142414;-0,828856;-0,427114
-0,363627;0,433447;0,947151
0,419298;-0,870851;0,900000
0,267255;-0,522154;0,524848
-0,328452;-1,045435;-0,682838
-0,134153;-0,772286;0,663157
0,318406;-0,100425;-0,136104
-0,397191;-0,900263;-0,236908
-0,310778;0,571437;-0,360978
0,214693;-0,565773;0,311426
-0,020193;-0,783139;-0,327703
0,019962;0,490908;-0,522759
0,365239;-0,715402;-0,435265
0,468232;-0,579981;0,317411
-0,082167;0,453789;0,008654
-0,411180;-0,709059;-0,090448
0,269299;-0,940055;-0,404106
-0,370190;-0,523779;0,669089
0,148286;-0,748065;0,148665
0,105195;0,537726;0,672133
-0,141349;-0,692649;0,067413
-0,033866;0,114424;-0,180728
0,022006;0,536205;0,925691
0,381848;0,134399;0,304256
0,214722;-1,007739;0,631481
-0,264031;0,352656;0,378801
-0,104619;-0,275271;0,822049
0,315240;0,209685;0,587425
0,418261;-0,403090;-0,242066
0,039364;-0,411898;0,840879
-0,226294;-0,625279;0,714126
-0,101165;0,550151;0,351253
0,254043;-0,424848;0,748794
-0,180439;0,641428;0,752921
-0,031620;-0,635712;0,525054
0,463713;0,196631;-0,151941
0,316305;-0,425005;-0,508521
-0,261037;0,388831;0,265461
-0,152805;-0,789221;0,622092
-0,136168;-0,513713;0,428893
-0,397018;-0,952271;-0,671489
0,279690;-0,073582;-0,499906
-0,281417;0,446397;-0,335596
0,204935;0,555132;0,314109
-0,351595;0,081185;-0,469881
-0,301423;0,067711;0,640458
0,042271;-0,452110;0,048222
0,027015;0,018848;-0,071515
0,190514;-0,923278;-0,632282
-0,175488;0,374623;-0,406066
0,178079;0,573062;0,822101
-0,085391;-0,666959;0,689364
0,138471;-0,713934;-0,226384
-0,138902;0,164702;0,556472
0,297450;0,205229;-0,638679
0,047510;-0,935337;0,575714
0,155770;-0,940789;0,632307
0,330812;-0,921129;-0,242943
0,179892;0,128108;0,270053
-0,198171;-0,860837;0,793830
-0,126611;-0,873157;-0,643115
0,153007;-0,911430;0,451541
0,406287;-0,568133;0,395413
-0,392384;0,500555;-0,178974
0,196444;-0,770347;0,627458
-0,439908;0,372526;0,371579
-0,329661;-0,360204;0,826641
0,082225;-0,674666;-0,714411
-0,053727;-0,068024;0,684463
0,333201;-0,185830;0,174665
0,323213;-0,892398;-0,450690
-0,411900;0,151491;-0,345295
0,131073;0,545852;0,005816
0,026784;0,011718;-0,542569
-0,162103;-0,923645;0,413365
0,325919;-0,450275;0,046004
0,370392;0,414625;-0,692331
-0,040054;-0,244129;0,141184
0,115586;-0,149235;0,537848
-0,411497;-0,660353;0,419711
-0,176006;-0,364451;0,580099
0,063687;-0,362511;0,695451
0,058995;-0,926109;0,262675
-0,133721;-0,739781;0,181785
0,355395;-0,401570;0,215111
0,361929;0,612121;-0,681084
-0,437864;-0,223158;-0,538545
0,281676;0,609552;-0,092821
-0,243709;-0,580086;-0,679640
0,096387;-0,022517;-0,314187
0,148977;0,661246;0,658772
0,213571;-0,030801;0,213718
0,116421;-1,041608;-0,320120
0,124970;0,386577;0,187201
0,227244;0,343533;-0,329457
0,226582;-0,626747;-0,575483
0,300012;-0,664495;0,312871
-0,396212;0,275587;0,846090
0,373299;0,045849;-0,574503
0,040026;0,012662;0,953342
0,443132;-0,377558;0,282382
0,128482;0,226200;0,383702
-0,364088;0,384742;0,638549
0,344975;-1,037361;-0,067233
-0,304618;-0,484353;0,727952
-0,144515;0,513452;0,711237
0,161642;-0,924222;-0,077035
-0,284238;-1,027505;0,590778
0,028281;-0,212148;-0,057999
0,211239;0,307725;-0,223443
0,186398;0,667327;-0,274516
0,026900;-0,732179;0,085366
0,163398;0,031536;-0,179799
0,164722;-0,448860;0,182971
0,241204;0,454785;-0,184597
0,302689;-0,263370;0,446588
-0,011269;-0,776061;0,600735
-0,272523;0,233278;-0,704454
-0,212045;0,072639;0,068445
-0,043336;0,193590;-0,450535
0,459453;0,349038;0,533360
-0,081419;-0,503699;0,085469
-0,299897;-0,263265;-0,509862
-0,163053;-0,392657;0,791303
-0,456517;0,554136;-0,632127
0,107930;0,500450;-0,025240
0,066306;0,582604;0,934409
0,340657;-0,682949;0,848463
0,335188;-1,000242;0,327986
-0,217169;-0,879449;0,313903
0,243104;-0,132615;-0,299588
0,104763;-0,337188;0,258239
-0,172897;0,444562;-0,683406
-0,007700;-0,108551;0,515820
0,066681;0,454890;-0,727927
0,196213;-0,790793;-0,417777
-0,069329;0,338762;-0,029264
0,194774;0,375881;0,883956
